sample_name	ERBB2	RPP30	EGFR	GAPDH	MYCN	MYCL	MDM4	FGF19	MYC	CDKN2B	CDKN2A	FGF3	MDM2	FGF4	FGFR2	FGFR3	FGFR1	CCND1	CCND3	CCND2	NOTCH1	MET	CDK4	CDK6	PIK3CA
1810070	1	1	0.766192	1	0.759929	0.877017	1	0.63092	1	0.875494	0.875494	0.63092	1	0.63092	1	0.72795	0.663402	1	1	1	0.815774	1	1.77977	1	1
1810099	1	1	1	1	1	1	1	1	1	1	1	1	1	1	1	1	1	1	1	1	1	1	1	1	1
1810632	1	1.71831	1	1.59713	1	1	1.68631	1	2.80792	1	1	1	1	1	1	1	1	1	1	1.83253	1	1	1	1	1
1710526	1	1	0.647197	1	1	1	1	1	1	1	1	1	1	1	1	1	1	1	1	1	0.664578	1	1	1	1
1810169	1	1	1	1.77442	1	1	1	1	1.51868	1	1	1	1	1	1	0.877937	1	1	1	1.77442	1	1	1	1	1
1810636	1	1	1	1	1	1	1	1	1	0.647265	0.647265	1	1	1	1	1	1	1	1	1	1	1	1	1	1
1810183	1	1	1	1	1	1	1	1	1	1	1	1	1	1	1	1	1	1	1	1	1	1	1	1	1
1810080	1	1	1	1	1	1	1	1	1	1	1	1	1	1	1	1	1	1	1	1	1	1	1	1	1
1810652	1	1	1	1	1	1	1	1	1	1	1	1	1	1	1	1	1	1	1	1	1	1	1	1	1
1710058	1	1	1	1	1	1	1	1	1	0.71928	0.71928	1	1	1	1	1	1	1	1	1	0.876368	1	1	1	1
1710057	1	1	0.73325	1	1	1	1.60264	0.603842	1	1	1	0.603842	1	0.603842	0.865828	0.697465	0.718243	1	1.57688	1	1	1	1.59379	1	1
1710277	1	1	1	1	1	1	1	1	1	1	1	1	1	1	1	1	1	1	1	1	1	1	1	1	1
1810257	1	0.814408	1	1	0.874739	1	1	0.847772	1	0.737547	0.737547	0.847772	0.833606	0.847772	0.876414	0.857298	1	1	1	1	0.669423	0.829525	1	0.803281	1
1710161	1	1	1	1	0.887392	1	1	1	1	1	1	1	1	1	1	0.88903	1	1	1	1	1	1	1	1	1
1710155	1.86097	1	1.88453	1.50428	1	2.88548	1	1	1	0.585914	0.496636	1	1	1	1.72163	0.61806	0.83632	1	1	1.67013	0.830344	1.67575	3.24568	0.856746	1.61372
1810430	1	1	0.738814	2.73784	1	1	1.58528	1	2.50487	1	1	1	1.61334	1	0.804986	0.678636	0.763833	3.55853	1.69073	2.14824	0.808933	1	2.87936	1	1.50133
1710260	1	1	1	1	1	1	1	0.891624	1	1	1	0.891624	1	0.891624	1	1	1	0.891624	1	1	1	1	1	1	1
1810024	1	1	1	1	1	1	1	0.857649	1	1	1	0.857649	1	0.857649	0.898667	0.80198	1	1	1	0.899862	0.845911	1	1	1	1
